1477	3
0.25	0.5	0
1	1	0
0	1	0
1	0	0
0	0	0
0.05	0	0
0.1	0	0
0.15	0	0
0.2	0	0
0.25	0	0
0.3	0	0
0.35	0	0
0.4	0	0
0.45	0	0
0.5	0	0
0.55	0	0
0.6	0	0
0.65	0	0
0.7	0	0
0.75	0	0
0.8	0	0
0.85	0	0
0.9	0	0
0.95	0	0
0	0.95	0
0	0.9	0
0	0.85	0
0	0.8	0
0	0.75	0
0	0.7	0
0	0.65	0
0	0.6	0
0	0.55	0
0	0.5	0
0	0.45	0
0	0.4	0
0	0.35	0
0	0.3	0
0	0.25	0
0	0.2	0
0	0.15	0
0	0.1	0
0	0.05	0
1	0.05	0
1	0.1	0
1	0.15	0
1	0.2	0
1	0.25	0
1	0.3	0
1	0.35	0
1	0.4	0
1	0.45	0
1	0.5	0
1	0.55	0
1	0.6	0
1	0.65	0
1	0.7	0
1	0.75	0
1	0.8	0
1	0.85	0
1	0.9	0
1	0.95	0
0.95	1	0
0.9	1	0
0.85	1	0
0.8	1	0
0.75	1	0
0.7	1	0
0.65	1	0
0.6	1	0
0.55	1	0
0.5	1	0
0.45	1	0
0.4	1	0
0.35	1	0
0.3	1	0
0.25	1	0
0.2	1	0
0.15	1	0
0.1	1	0
0.05	1	0
0.255118	0.550325	0
0.270261	0.598589	0
0.294809	0.642817	0
0.327758	0.681198	0
0.367759	0.712161	0
0.413174	0.734438	0
0.462143	0.747117	0
0.512662	0.749679	0
0.562663	0.742019	0
0.610099	0.724451	0
0.653026	0.697694	0
0.68969	0.662843	0
0.718587	0.621325	0
0.738535	0.574841	0
0.748717	0.525292	0
0.748717	0.474708	0
0.738535	0.425159	0
0.718587	0.378675	0
0.68969	0.337157	0
0.653026	0.302306	0
0.610099	0.275549	0
0.562663	0.257981	0
0.512662	0.250321	0
0.462143	0.252883	0
0.413174	0.265562	0
0.367759	0.287839	0
0.327758	0.318802	0
0.294809	0.357183	0
0.270261	0.401411	0
0.255118	0.449675	0
0.0696276	0.0442353	0
0.174595	0.0423981	0
0.275242	0.0433347	0
0.373951	0.0442915	0
0.474679	0.044614	0
0.575937	0.0462166	0
0.676976	0.0446854	0
0.776496	0.0436729	0
0.874738	0.0450584	0
0.0413096	0.929666	0
0.0432899	0.825688	0
0.0446609	0.724689	0
0.0436217	0.624539	0
0.041743	0.524672	0
0.041865	0.425496	0
0.0436214	0.326453	0
0.0430495	0.226702	0
0.0454889	0.127333	0
0.956833	0.0687355	0
0.957699	0.171287	0
0.954668	0.27095	0
0.955318	0.372386	0
0.951622	0.474412	0
0.954327	0.575921	0
0.956543	0.676408	0
0.957578	0.77515	0
0.955572	0.873286	0
0.93048	0.955671	0
0.825349	0.956131	0
0.724631	0.956466	0
0.624804	0.95501	0
0.524268	0.958036	0
0.423539	0.956114	0
0.32308	0.955841	0
0.224559	0.957902	0
0.130006	0.960404	0
0.0834489	0.953301	0
0.210855	0.529956	0
0.221022	0.589392	0
0.246388	0.6436	0
0.282856	0.690142	0
0.325231	0.729018	0
0.374285	0.760509	0
0.428715	0.780813	0
0.486963	0.789355	0
0.545296	0.786972	0
0.603282	0.773397	0
0.656601	0.747874	0
0.701982	0.71001	0
0.737741	0.665556	0
0.766785	0.615216	0
0.788288	0.559755	0
0.796361	0.499839	0
0.788029	0.439753	0
0.765982	0.384132	0
0.735813	0.33441	0
0.698931	0.290891	0
0.653756	0.25495	0
0.602468	0.228712	0
0.545931	0.210569	0
0.487263	0.20756	0
0.427502	0.217341	0
0.371803	0.236376	0
0.322286	0.268242	0
0.280399	0.308763	0
0.244981	0.356111	0
0.220535	0.410636	0
0.210764	0.469897	0
0.122806	0.0455237	0
0.225307	0.0414403	0
0.324296	0.0449279	0
0.424144	0.0436451	0
0.525226	0.045925	0
0.626778	0.0455672	0
0.727067	0.0439765	0
0.826179	0.0441019	0
0.918607	0.0421387	0
0.0413356	0.876138	0
0.0442105	0.77528	0
0.0448144	0.674406	0
0.0421329	0.574574	0
0.0416804	0.475221	0
0.042979	0.375839	0
0.0431707	0.276727	0
0.0440364	0.176637	0
0.0427718	0.0826053	0
0.957281	0.120353	0
0.955241	0.22074	0
0.955072	0.321651	0
0.953975	0.423516	0
0.951788	0.525147	0
0.956113	0.626436	0
0.956901	0.725904	0
0.957249	0.824597	0
0.957559	0.917532	0
0.877191	0.953636	0
0.774783	0.957383	0
0.674873	0.954916	0
0.574659	0.956738	0
0.473781	0.957466	0
0.373184	0.955583	0
0.2735	0.956686	0
0.17666	0.959221	0
0.848596	0.909948	0
0.298489	0.0911343	0
0.0901337	0.699028	0
0.398255	0.0870646	0
0.201106	0.081394	0
0.499402	0.0910676	0
0.60396	0.0915586	0
0.70513	0.0878445	0
0.802603	0.08649	0
0.906762	0.0935892	0
0.088154	0.801812	0
0.250438	0.0834374	0
0.0829524	0.54876	0
0.085484	0.851919	0
0.0851156	0.598514	0
0.0884713	0.75007	0
0.0827266	0.451029	0
0.0880651	0.352934	0
0.0854854	0.253507	0
0.0894395	0.152923	0
0.919666	0.143896	0
0.169098	0.499801	0
0.548466	0.916118	0
0.908859	0.240551	0
0.911043	0.343807	0
0.90553	0.446597	0
0.905976	0.552556	0
0.912943	0.653537	0
0.914016	0.751667	0
0.913348	0.848971	0
0.448088	0.913058	0
0.151271	0.0873319	0
0.906067	0.903304	0
0.0944912	0.0963661	0
0.598489	0.910931	0
0.749488	0.915303	0
0.498204	0.916936	0
0.649992	0.908516	0
0.345361	0.911034	0
0.246579	0.91428	0
0.153895	0.918862	0
0.447767	0.086813	0
0.0897064	0.648049	0
0.188939	0.642202	0
0.169012	0.567697	0
0.233637	0.695501	0
0.277815	0.742884	0
0.327807	0.779763	0
0.387644	0.815389	0
0.45314	0.82685	0
0.519741	0.833786	0
0.585888	0.822436	0
0.654111	0.8069	0
0.711778	0.762291	0
0.756461	0.71542	0
0.787135	0.662474	0
0.820966	0.60602	0
0.845947	0.536169	0
0.845661	0.46311	0
0.819806	0.392415	0
0.784347	0.335789	0
0.750189	0.285333	0
0.703422	0.239647	0
0.649312	0.2028	0
0.590159	0.179414	0
0.521979	0.152433	0
0.451468	0.171017	0
0.384076	0.178982	0
0.321439	0.211644	0
0.270717	0.254505	0
0.228935	0.303381	0
0.186896	0.358577	0
0.168578	0.431999	0
0.34776	0.0902006	0
0.911614	0.189731	0
0.70072	0.910311	0
0.798884	0.915099	0
0.550554	0.0930072	0
0.654699	0.0905819	0
0.754131	0.0881492	0
0.853296	0.0896776	0
0.0861618	0.203691	0
0.0841795	0.499831	0
0.0796888	0.901409	0
0.0844372	0.401578	0
0.0871943	0.303394	0
0.909482	0.291949	0
0.911375	0.39497	0
0.899766	0.499676	0
0.912154	0.603837	0
0.913117	0.702969	0
0.91619	0.799565	0
0.39676	0.911202	0
0.29526	0.912087	0
0.198772	0.916721	0
0.113864	0.922717	0
0.137572	0.672529	0
0.128541	0.279507	0
0.12682	0.47371	0
0.782171	0.131869	0
0.580062	0.132552	0
0.685265	0.12911	0
0.732822	0.134226	0
0.134268	0.618145	0
0.135663	0.831445	0
0.121028	0.571884	0
0.877803	0.821094	0
0.134418	0.329584	0
0.133021	0.382203	0
0.130222	0.18352	0
0.126916	0.525739	0
0.17003	0.875607	0
0.871241	0.146445	0
0.866087	0.314116	0
0.868862	0.414265	0
0.869822	0.630949	0
0.868734	0.729961	0
0.872178	0.778395	0
0.314619	0.866631	0
0.476053	0.871783	0
0.567849	0.869523	0
0.861024	0.260814	0
0.421229	0.13108	0
0.622715	0.862258	0
0.367763	0.866143	0
0.421673	0.866779	0
0.183083	0.705134	0
0.7305	0.867864	0
0.522199	0.880461	0
0.37398	0.128634	0
0.773407	0.879112	0
0.226722	0.747821	0
0.276119	0.806643	0
0.335213	0.826852	0
0.719652	0.816217	0
0.774839	0.772846	0
0.816145	0.710342	0
0.832142	0.657897	0
0.829553	0.339224	0
0.809609	0.284475	0
0.758406	0.23241	0
0.704184	0.181738	0
0.636267	0.144788	0
0.322261	0.148218	0
0.263426	0.194354	0
0.21419	0.247494	0
0.177586	0.298007	0
0.815795	0.867741	0
0.126544	0.230944	0
0.183936	0.124539	0
0.864444	0.862839	0
0.678735	0.860699	0
0.21784	0.874628	0
0.136539	0.134901	0
0.869596	0.584492	0
0.826487	0.125656	0
0.469416	0.127267	0
0.123505	0.881114	0
0.13427	0.725574	0
0.130394	0.77616	0
0.868225	0.366824	0
0.869555	0.681288	0
0.267072	0.133576	0
0.266074	0.868363	0
0.863822	0.205958	0
0.120537	0.427778	0
0.175029	0.168195	0
0.164391	0.254644	0
0.225547	0.11636	0
0.820399	0.171264	0
0.767332	0.180308	0
0.773496	0.832939	0
0.829729	0.760846	0
0.176305	0.75506	0
0.827973	0.81409	0
0.213366	0.79327	0
0.812975	0.22372	0
0.222243	0.157275	0
0.169817	0.213286	0
0.18974	0.835129	0
0.234222	0.834405	0
0.210463	0.197823	0
0.168622	0.797869	0
0.025	0	0
0.075	0	0
0.125	0	0
0.175	0	0
0.225	0	0
0.275	0	0
0.325	0	0
0.375	0	0
0.425	0	0
0.475	0	0
0.525	0	0
0.575	0	0
0.625	0	0
0.675	0	0
0.725	0	0
0.775	0	0
0.825	0	0
0.875	0	0
0.925	0	0
0.975	0	0
0	0.975	0
0	0.925	0
0	0.875	0
0	0.825	0
0	0.775	0
0	0.725	0
0	0.675	0
0	0.625	0
0	0.575	0
0	0.525	0
0	0.475	0
0	0.425	0
0	0.375	0
0	0.325	0
0	0.275	0
0	0.225	0
0	0.175	0
0	0.125	0
0	0.075	0
0	0.025	0
1	0.025	0
1	0.075	0
1	0.125	0
1	0.175	0
1	0.225	0
1	0.275	0
1	0.325	0
1	0.375	0
1	0.425	0
1	0.475	0
1	0.525	0
1	0.575	0
1	0.625	0
1	0.675	0
1	0.725	0
1	0.775	0
1	0.825	0
1	0.875	0
1	0.925	0
1	0.975	0
0.975	1	0
0.925	1	0
0.875	1	0
0.825	1	0
0.775	1	0
0.725	1	0
0.675	1	0
0.625	1	0
0.575	1	0
0.525	1	0
0.475	1	0
0.425	1	0
0.375	1	0
0.325	1	0
0.275	1	0
0.225	1	0
0.175	1	0
0.125	1	0
0.075	1	0
0.025	1	0
0.251283	0.525292	0
0.261465	0.574841	0
0.281413	0.621325	0
0.31031	0.662843	0
0.346974	0.697694	0
0.389901	0.724451	0
0.437337	0.742019	0
0.487338	0.749679	0
0.537857	0.747117	0
0.586826	0.734438	0
0.632241	0.712161	0
0.672242	0.681198	0
0.705191	0.642817	0
0.729739	0.598589	0
0.744882	0.550325	0
0.75	0.5	0
0.744882	0.449675	0
0.729739	0.401411	0
0.705191	0.357183	0
0.672242	0.318802	0
0.632241	0.287839	0
0.586826	0.265562	0
0.537857	0.252883	0
0.487338	0.250321	0
0.437337	0.257981	0
0.389901	0.275549	0
0.346974	0.302306	0
0.31031	0.337157	0
0.281413	0.378675	0
0.261465	0.425159	0
0.251283	0.474708	0
0.025	0.025	0
0.0848138	0.0221176	0
0.0598138	0.0221176	0
0.187297	0.0211991	0
0.162297	0.0211991	0
0.287621	0.0216674	0
0.262621	0.0216674	0
0.386976	0.0221457	0
0.361976	0.0221457	0
0.48734	0.022307	0
0.46234	0.022307	0
0.587969	0.0231083	0
0.562969	0.0231083	0
0.688488	0.0223427	0
0.663488	0.0223427	0
0.788248	0.0218365	0
0.763248	0.0218365	0
0.887369	0.0225292	0
0.862369	0.0225292	0
0.975	0.025	0
0.025	0.975	0
0.0206548	0.914833	0
0.0206548	0.939833	0
0.0216449	0.812844	0
0.0216449	0.837844	0
0.0223305	0.712345	0
0.0223305	0.737345	0
0.0218108	0.61227	0
0.0218108	0.63727	0
0.0208715	0.512336	0
0.0208715	0.537336	0
0.0209325	0.412748	0
0.0209325	0.437748	0
0.0218107	0.313226	0
0.0218107	0.338226	0
0.0215248	0.213351	0
0.0215248	0.238351	0
0.0227444	0.113667	0
0.0227444	0.138667	0
0.0456548	0.964833	0
0.978416	0.0843677	0
0.978416	0.0593677	0
0.978849	0.185643	0
0.978849	0.160643	0
0.977334	0.285475	0
0.977334	0.260475	0
0.977659	0.386193	0
0.977659	0.361193	0
0.975811	0.487206	0
0.975811	0.462206	0
0.977164	0.587961	0
0.977164	0.562961	0
0.978271	0.688204	0
0.978271	0.663204	0
0.978789	0.787575	0
0.978789	0.762575	0
0.977786	0.886643	0
0.977786	0.861643	0
0.975	0.975	0
0.91524	0.977835	0
0.94024	0.977835	0
0.812675	0.978065	0
0.837675	0.978065	0
0.712316	0.978233	0
0.737316	0.978233	0
0.612402	0.977505	0
0.637402	0.977505	0
0.512134	0.979018	0
0.537134	0.979018	0
0.41177	0.978057	0
0.43677	0.978057	0
0.31154	0.97792	0
0.33654	0.97792	0
0.21228	0.978951	0
0.23728	0.978951	0
0.115003	0.980202	0
0.140003	0.980202	0
0.0667244	0.97665	0
0.0917244	0.97665	0
0.106727	0.956853	0
0.0623792	0.941483	0
0.232986	0.54014	0
0.230427	0.514978	0
0.245642	0.59399	0
0.23807	0.569858	0
0.270599	0.643209	0
0.258324	0.621095	0
0.305307	0.68567	0
0.288833	0.666479	0
0.346495	0.720589	0
0.326495	0.705108	0
0.393729	0.747474	0
0.371022	0.736335	0
0.445429	0.763965	0
0.420944	0.757625	0
0.499812	0.769517	0
0.474553	0.768236	0
0.55398	0.764496	0
0.528979	0.768326	0
0.60669	0.748924	0
0.582973	0.757708	0
0.654814	0.722784	0
0.63335	0.736162	0
0.695836	0.686426	0
0.677504	0.703852	0
0.728164	0.643441	0
0.713715	0.664199	0
0.75266	0.595028	0
0.742686	0.618271	0
0.768503	0.542524	0
0.763411	0.567298	0
0.772539	0.487273	0
0.772539	0.512566	0
0.763282	0.432456	0
0.768373	0.45723	0
0.742284	0.381403	0
0.752258	0.404645	0
0.712751	0.335784	0
0.7272	0.356542	0
0.675979	0.296598	0
0.69431	0.314024	0
0.631927	0.265249	0
0.653391	0.278628	0
0.582566	0.243346	0
0.606283	0.25213	0
0.529297	0.230445	0
0.554297	0.234275	0
0.474703	0.230222	0
0.499963	0.228941	0
0.420338	0.241451	0
0.444822	0.235112	0
0.369781	0.262107	0
0.392488	0.250969	0
0.325022	0.293522	0
0.345022	0.27804	0
0.287604	0.332973	0
0.304079	0.313783	0
0.257621	0.378761	0
0.269895	0.356647	0
0.237826	0.430156	0
0.245398	0.406024	0
0.230382	0.484948	0
0.232941	0.459786	0
0.0348138	0.0471176	0
0.953416	0.0343677	0
0.96524	0.952835	0
0.136403	0.0227619	0
0.111403	0.0227619	0
0.237654	0.0207202	0
0.212654	0.0207202	0
0.337148	0.022464	0
0.312148	0.022464	0
0.437072	0.0218225	0
0.412072	0.0218225	0
0.537613	0.0229625	0
0.512613	0.0229625	0
0.638389	0.0227836	0
0.613389	0.0227836	0
0.738533	0.0219883	0
0.713533	0.0219883	0
0.83809	0.022051	0
0.81309	0.022051	0
0.250275	0.0423875	0
0.934303	0.0210694	0
0.909303	0.0210694	0
0.0206678	0.888069	0
0.0413226	0.902902	0
0.0206678	0.863069	0
0.0423128	0.850913	0
0.0221052	0.76264	0
0.0221052	0.78764	0
0.0224072	0.662203	0
0.0224072	0.687203	0
0.0210664	0.562287	0
0.0210664	0.587287	0
0.0208402	0.46261	0
0.0208402	0.48761	0
0.0214895	0.36292	0
0.0214895	0.38792	0
0.0215854	0.263363	0
0.0215854	0.288363	0
0.0220182	0.163319	0
0.0220182	0.188319	0
0.210809	0.499927	0
0.0213859	0.0663026	0
0.0213859	0.0913026	0
0.97864	0.135176	0
0.97864	0.110176	0
0.97762	0.23537	0
0.97762	0.21037	0
0.977536	0.335826	0
0.977536	0.310826	0
0.976988	0.436758	0
0.976988	0.411758	0
0.975894	0.537573	0
0.975894	0.512573	0
0.978057	0.638218	0
0.978057	0.613218	0
0.978451	0.737952	0
0.978451	0.712952	0
0.978624	0.837298	0
0.978624	0.812298	0
0.1487	0.0439609	0
0.978779	0.933766	0
0.978779	0.908766	0
0.888596	0.976818	0
0.903836	0.954653	0
0.863596	0.976818	0
0.0962169	0.0448795	0
0.85127	0.954883	0
0.762392	0.978692	0
0.787392	0.978692	0
0.662436	0.977458	0
0.687436	0.977458	0
0.56233	0.978369	0
0.58733	0.978369	0
0.461891	0.978733	0
0.486891	0.978733	0
0.361592	0.977792	0
0.386592	0.977792	0
0.26175	0.978343	0
0.28675	0.978343	0
0.16333	0.97961	0
0.18833	0.97961	0
0.233705	0.616496	0
0.215939	0.559674	0
0.264622	0.666871	0
0.304044	0.70958	0
0.349758	0.744763	0
0.4015	0.770661	0
0.457839	0.785084	0
0.516129	0.788164	0
0.574289	0.780185	0
0.629942	0.760636	0
0.679292	0.728942	0
0.719861	0.687783	0
0.752263	0.640386	0
0.777537	0.587486	0
0.792324	0.529797	0
0.792195	0.469796	0
0.777006	0.411942	0
0.750897	0.359271	0
0.717372	0.312651	0
0.676344	0.27292	0
0.628112	0.241831	0
0.5742	0.219641	0
0.516597	0.209065	0
0.457382	0.21245	0
0.399652	0.226858	0
0.347044	0.252309	0
0.301342	0.288502	0
0.26269	0.332437	0
0.232758	0.383374	0
0.21565	0.440266	0
0.349124	0.0446097	0
0.199951	0.0419192	0
0.299769	0.0441313	0
0.399048	0.0439683	0
0.499953	0.0452695	0
0.601357	0.0458919	0
0.702021	0.044331	0
0.801338	0.0438874	0
0.896672	0.0435985	0
0.0447377	0.699548	0
0.0428773	0.599556	0
0.0417117	0.499947	0
0.042422	0.400668	0
0.043396	0.30159	0
0.043543	0.20167	0
0.0441304	0.104969	0
0.95647	0.196014	0
0.95487	0.296301	0
0.954647	0.397951	0
0.951705	0.499779	0
0.95522	0.601179	0
0.956722	0.701156	0
0.957413	0.799874	0
0.956565	0.895409	0
0.800066	0.956757	0
0.699752	0.955691	0
0.599732	0.955874	0
0.499025	0.957751	0
0.398362	0.955849	0
0.29829	0.956264	0
0.200609	0.958561	0
0.449412	0.0441296	0
0.550582	0.0460708	0
0.651877	0.0451263	0
0.751781	0.0438247	0
0.850459	0.0445802	0
0.0437502	0.800484	0
0.0419379	0.549623	0
0.0417727	0.450359	0
0.0433002	0.351146	0
0.0431101	0.251715	0
0.0447627	0.151985	0
0.95749	0.14582	0
0.954954	0.245845	0
0.955195	0.347019	0
0.952799	0.448964	0
0.953057	0.550534	0
0.956328	0.651422	0
0.95724	0.750527	0
0.95641	0.848941	0
0.44866	0.95679	0
0.348132	0.955712	0
0.24903	0.957294	0
0.153333	0.959812	0
0.044218	0.649473	0
0.0444357	0.749984	0
0.957057	0.0945441	0
0.549464	0.957387	0
0.649838	0.954963	0
0.749707	0.956925	0
0.836972	0.933039	0
0.862894	0.931792	0
0.311393	0.0680311	0
0.286866	0.0672345	0
0.067474	0.686717	0
0.0673973	0.711859	0
0.4112	0.0653549	0
0.386103	0.0656781	0
0.213207	0.0614172	0
0.18785	0.0618961	0
0.512314	0.0684963	0
0.487041	0.0678408	0
0.615369	0.0685629	0
0.589949	0.0688876	0
0.716098	0.0659105	0
0.691053	0.066265	0
0.814391	0.065296	0
0.789549	0.0650815	0
0.912684	0.067864	0
0.89075	0.0693238	0
0.0661823	0.788546	0
0.065722	0.81375	0
0.26284	0.0633861	0
0.237873	0.0624389	0
0.225772	0.0824157	0
0.274464	0.0872859	0
0.93772	0.0554371	0
0.0623477	0.536716	0
0.0625426	0.561667	0
0.0643869	0.838804	0
0.0634098	0.864029	0
0.086819	0.826865	0
0.0636242	0.586544	0
0.0643686	0.611527	0
0.084034	0.573637	0
0.0665661	0.73738	0
0.0663409	0.762675	0
0.0883127	0.775941	0
0.0893025	0.724549	0
0.0622958	0.438262	0
0.0622035	0.463125	0
0.0658432	0.339693	0
0.065522	0.364387	0
0.0642675	0.240105	0
0.0643281	0.265117	0
0.0674642	0.140128	0
0.066738	0.16478	0
0.938683	0.157591	0
0.938474	0.132124	0
0.189976	0.514878	0
0.189931	0.484849	0
0.0561997	0.0634203	0
0.536367	0.937077	0
0.561562	0.936428	0
0.931764	0.25575	0
0.93205	0.230646	0
0.933181	0.358096	0
0.933057	0.332729	0
0.928576	0.460504	0
0.929752	0.435056	0
0.930152	0.564239	0
0.928882	0.538851	0
0.934743	0.664973	0
0.934528	0.639987	0
0.935797	0.763409	0
0.935458	0.738786	0
0.93446	0.861128	0
0.935299	0.836784	0
0.435814	0.934586	0
0.460934	0.935262	0
0.162933	0.064865	0
0.137038	0.0664278	0
0.176188	0.0843629	0
0.944019	0.936601	0
0.891629	0.92847	0
0.918274	0.929487	0
0.877331	0.906626	0
0.108649	0.0709449	0
0.0820594	0.0703007	0
0.122881	0.091849	0
0.586574	0.933835	0
0.611647	0.932971	0
0.573477	0.913524	0
0.73706	0.935885	0
0.762136	0.936343	0
0.485992	0.937201	0
0.511236	0.937486	0
0.473146	0.914997	0
0.637398	0.931763	0
0.662432	0.931716	0
0.624241	0.909724	0
0.33422	0.933437	0
0.359272	0.933308	0
0.235569	0.936091	0
0.260039	0.935483	0
0.14195	0.939633	0
0.165277	0.939041	0
0.461223	0.0657135	0
0.435955	0.065229	0
0.473585	0.0889403	0
0.066664	0.636294	0
0.0672604	0.661228	0
0.087411	0.623282	0
0.217664	0.642901	0
0.204981	0.615797	0
0.195017	0.578544	0
0.189933	0.548827	0
0.258247	0.692821	0
0.240013	0.669551	0
0.301523	0.735951	0
0.280336	0.716513	0
0.351046	0.770136	0
0.326519	0.75439	0
0.40818	0.798101	0
0.380965	0.787949	0
0.470051	0.808103	0
0.440928	0.803832	0
0.532518	0.810379	0
0.503352	0.811571	0
0.594585	0.797917	0
0.565592	0.804704	0
0.655356	0.777387	0
0.628696	0.790149	0
0.70688	0.73615	0
0.68419	0.755082	0
0.747101	0.690488	0
0.729221	0.712715	0
0.77696	0.638845	0
0.762438	0.664015	0
0.804627	0.582888	0
0.793875	0.610618	0
0.821154	0.518004	0
0.817118	0.547962	0
0.816845	0.451431	0
0.821011	0.481474	0
0.792894	0.388273	0
0.803918	0.416084	0
0.76008	0.3351	0
0.775165	0.35996	0
0.72456	0.288112	0
0.743001	0.309872	0
0.678589	0.247298	0
0.701177	0.265269	0
0.62589	0.215756	0
0.651534	0.228875	0
0.568045	0.194992	0
0.596313	0.204063	0
0.504621	0.179996	0
0.533955	0.181501	0
0.439485	0.194179	0
0.469365	0.189288	0
0.377939	0.207679	0
0.405789	0.198162	0
0.321862	0.239943	0
0.346621	0.22401	0
0.275558	0.281634	0
0.296502	0.261373	0
0.236958	0.329746	0
0.254667	0.306072	0
0.203716	0.384606	0
0.215939	0.357344	0
0.189671	0.450948	0
0.194556	0.421318	0
0.360856	0.067246	0
0.336028	0.0675642	0
0.373008	0.0886326	0
0.933427	0.205236	0
0.934657	0.180509	0
0.91564	0.166813	0
0.910237	0.215141	0
0.687796	0.932613	0
0.712676	0.933389	0
0.675356	0.909413	0
0.931797	0.0811624	0
0.931813	0.910418	0
0.0686315	0.0894857	0
0.786834	0.936241	0
0.812117	0.935615	0
0.08992	0.673539	0
0.563246	0.0696119	0
0.53789	0.0694661	0
0.665837	0.0676336	0
0.640738	0.0680746	0
0.765313	0.0659111	0
0.740599	0.0660629	0
0.864017	0.067368	0
0.839738	0.0668897	0
0.178976	0.604949	0
0.0646057	0.215197	0
0.0858236	0.228599	0
0.0650991	0.190164	0
0.0629613	0.512252	0
0.083566	0.524296	0
0.06293	0.487526	0
0.0605122	0.888773	0
0.0604992	0.915537	0
0.0825864	0.876664	0
0.524978	0.0920374	0
0.932021	0.106971	0
0.0815688	0.927355	0
0.0637081	0.388709	0
0.0631511	0.413537	0
0.0651825	0.290061	0
0.0654078	0.314923	0
0.0878007	0.178307	0
0.913214	0.118742	0
0.06999	0.11185	0
0.168838	0.4659	0
0.774186	0.915201	0
0.523335	0.916527	0
0.423011	0.0869388	0
0.725104	0.912807	0
0.932277	0.3068	0
0.932075	0.28145	0
0.932675	0.409243	0
0.933347	0.383678	0
0.925777	0.512411	0
0.925694	0.487044	0
0.934133	0.615137	0
0.933241	0.589879	0
0.935009	0.714437	0
0.93483	0.689689	0
0.936719	0.812081	0
0.936884	0.787358	0
0.93082	0.888295	0
0.0919654	0.124645	0
0.323125	0.0906674	0
0.82374	0.912524	0
0.90917	0.26625	0
0.384972	0.933393	0
0.41015	0.933658	0
0.28438	0.934387	0
0.30917	0.933964	0
0.187716	0.937971	0
0.211665	0.937311	0
0.211288	0.668851	0
0.169055	0.533749	0
0.0986565	0.938009	0
0.121935	0.941561	0
0.133879	0.92079	0
0.0967764	0.912063	0
0.177737	0.395288	0
0.207915	0.330979	0
0.249826	0.278943	0
0.296078	0.233075	0
0.352757	0.195313	0
0.417772	0.175	0
0.486723	0.161725	0
0.556069	0.165923	0
0.619735	0.191107	0
0.676367	0.221223	0
0.726806	0.26249	0
0.767268	0.310561	0
0.802077	0.364102	0
0.832733	0.427762	0
0.845804	0.499639	0
0.833456	0.571094	0
0.80405	0.634247	0
0.771798	0.688947	0
0.734119	0.738855	0
0.682944	0.784596	0
0.619999	0.814668	0
0.552814	0.828111	0
0.48644	0.830318	0
0.420392	0.82112	0
0.357725	0.797576	0
0.302811	0.761323	0
0.255726	0.719192	0
0.0835819	0.426303	0
0.222675	0.915501	0
0.422424	0.91213	0
0.909708	0.876137	0
0.915103	0.775616	0
0.91303	0.678253	0
0.909065	0.578197	0
0.902648	0.473136	0
0.911209	0.369389	0
0.880029	0.0916334	0
0.82795	0.0880838	0
0.72963	0.0879969	0
0.629329	0.0910702	0
0.778367	0.0873196	0
0.679914	0.0892132	0
0.577257	0.0922829	0
0.083453	0.47543	0
0.0863399	0.278451	0
0.0862511	0.377256	0
0.0876297	0.328164	0
0.914769	0.824268	0
0.913567	0.727318	0
0.912548	0.628687	0
0.902871	0.526116	0
0.908452	0.420784	0
0.910262	0.317878	0
0.176333	0.917791	0
0.270919	0.913184	0
0.371061	0.911118	0
0.32031	0.91156	0
0.113639	0.660289	0
0.113853	0.685779	0
0.107013	0.266507	0
0.107868	0.291451	0
0.104773	0.46237	0
0.1055	0.486771	0
0.792387	0.10918	0
0.768151	0.110009	0
0.592011	0.112055	0
0.565308	0.11278	0
0.695197	0.108477	0
0.669982	0.109846	0
0.743476	0.111187	0
0.718976	0.111035	0
0.757496	0.133047	0
0.161603	0.630173	0
0.15164	0.592921	0
0.536267	0.12272	0
0.510691	0.12175	0
0.111908	0.816628	0
0.110573	0.841682	0
0.10199	0.560322	0
0.103072	0.585199	0
0.895576	0.835032	0
0.896997	0.810329	0
0.110806	0.316489	0
0.111241	0.341259	0
0.131479	0.304545	0
0.110543	0.367568	0
0.108729	0.39189	0
0.13372	0.355893	0
0.109831	0.168222	0
0.108192	0.193606	0
0.105548	0.512785	0
0.104934	0.53725	0
0.123972	0.548811	0
0.126868	0.499725	0
0.161962	0.897234	0
0.184401	0.896164	0
0.889001	0.120017	0
0.862269	0.118061	0
0.895454	0.14517	0
0.888565	0.328961	0
0.887784	0.303033	0
0.887196	0.430431	0
0.890118	0.404618	0
0.872713	0.481393	0
0.875595	0.454853	0
0.875962	0.544362	0
0.872856	0.517922	0
0.891382	0.642243	0
0.890988	0.617393	0
0.891375	0.740814	0
0.890926	0.716465	0
0.894184	0.78898	0
0.893097	0.765031	0
0.874991	0.799744	0
0.150799	0.407101	0
0.159959	0.37039	0
0.304939	0.889359	0
0.32999	0.888832	0
0.46207	0.892421	0
0.487128	0.89436	0
0.558158	0.892821	0
0.583169	0.890227	0
0.885253	0.276382	0
0.884942	0.250682	0
0.863555	0.287465	0
0.434498	0.108947	0
0.409742	0.109073	0
0.610602	0.886595	0
0.636353	0.885387	0
0.595282	0.865891	0
0.356562	0.888588	0
0.382261	0.888672	0
0.341191	0.866387	0
0.409217	0.888991	0
0.43488	0.889919	0
0.448863	0.869281	0
0.394718	0.866461	0
0.20836	0.700317	0
0.186011	0.673668	0
0.71561	0.889087	0
0.739994	0.891583	0
0.109692	0.608329	0
0.111987	0.633097	0
0.147959	0.486756	0
0.147699	0.452855	0
0.147964	0.546718	0
0.148007	0.51277	0
0.510201	0.898698	0
0.535332	0.89829	0
0.545024	0.874992	0
0.499126	0.876122	0
0.386118	0.107849	0
0.36087	0.109417	0
0.397604	0.129857	0
0.761448	0.897207	0
0.786146	0.897105	0
0.751953	0.873488	0
0.252268	0.745352	0
0.230179	0.721661	0
0.301963	0.793203	0
0.276967	0.774764	0
0.361429	0.82112	0
0.33151	0.803307	0
0.497897	0.852785	0
0.464596	0.849317	0
0.576869	0.84598	0
0.543795	0.851655	0
0.715715	0.789254	0
0.686881	0.811559	0
0.76565	0.744133	0
0.743308	0.767569	0
0.80164	0.686408	0
0.786303	0.712881	0
0.826554	0.631959	0
0.809638	0.660186	0
0.80695	0.337507	0
0.824679	0.36582	0
0.779899	0.284904	0
0.796978	0.310132	0
0.730914	0.236028	0
0.754298	0.258872	0
0.676748	0.192269	0
0.703803	0.210692	0
0.613213	0.162101	0
0.64279	0.173794	0
0.402652	0.155031	0
0.436348	0.151049	0
0.32185	0.179931	0
0.353168	0.1636	0
0.267072	0.22443	0
0.292432	0.202999	0
0.221562	0.275437	0
0.242454	0.251	0
0.182241	0.328292	0
0.20326	0.300694	0
0.80734	0.89142	0
0.832195	0.888844	0
0.794601	0.873426	0
0.106353	0.217318	0
0.106015	0.242226	0
0.128383	0.207232	0
0.192521	0.102967	0
0.167603	0.105936	0
0.885255	0.883072	0
0.888896	0.855905	0
0.871123	0.841966	0
0.85652	0.886394	0
0.664364	0.884607	0
0.689728	0.885505	0
0.650725	0.861478	0
0.335011	0.119209	0
0.310375	0.119676	0
0.208306	0.895674	0
0.232209	0.894454	0
0.193935	0.875117	0
0.115515	0.115633	0
0.112989	0.143912	0
0.13338	0.15921	0
0.143905	0.111116	0
0.891428	0.168088	0
0.887786	0.568524	0
0.857771	0.56033	0
0.819581	0.311849	0
0.660766	0.136949	0
0.645483	0.117685	0
0.620113	0.118173	0
0.709043	0.131668	0
0.163256	0.657365	0
0.13592	0.645337	0
0.839892	0.107667	0
0.814545	0.106073	0
0.495698	0.13985	0
0.484409	0.109167	0
0.127542	0.255226	0
0.104495	0.866516	0
0.101597	0.891261	0
0.160657	0.34408	0
0.112202	0.712301	0
0.11137	0.737822	0
0.135921	0.699051	0
0.160237	0.12972	0
0.845281	0.595256	0
0.55102	0.142493	0
0.109433	0.763115	0
0.109274	0.788986	0
0.133029	0.803803	0
0.132332	0.750867	0
0.848864	0.13605	0
0.8898	0.380897	0
0.889634	0.355315	0
0.857261	0.438687	0
0.848889	0.353024	0
0.844015	0.37962	0
0.869709	0.607721	0
0.890875	0.594165	0
0.891336	0.692128	0
0.891249	0.667412	0
0.870456	0.754178	0
0.704618	0.864281	0
0.804329	0.128762	0
0.118685	0.901915	0
0.294667	0.140897	0
0.282781	0.112355	0
0.256326	0.891322	0
0.280667	0.890225	0
0.204902	0.726477	0
0.241957	0.871495	0
0.258755	0.108507	0
0.305666	0.816748	0
0.25142	0.777232	0
0.840119	0.86529	0
0.195888	0.272751	0
0.238808	0.220924	0
0.292844	0.171286	0
0.379028	0.153808	0
0.58511	0.155983	0
0.608164	0.13867	0
0.670226	0.163263	0
0.824143	0.68412	0
0.795492	0.741594	0
0.747245	0.794532	0
0.604301	0.842347	0
0.437407	0.846815	0
0.404659	0.841084	0
0.638413	0.834579	0
0.731295	0.207074	0
0.784008	0.258443	0
0.844334	0.40334	0
0.868544	0.390545	0
0.445323	0.129173	0
0.460442	0.149142	0
0.886341	0.223254	0
0.887718	0.197844	0
0.862423	0.233386	0
0.102487	0.414678	0
0.101632	0.439403	0
0.458592	0.10704	0
0.666423	0.833799	0
0.1387	0.899988	0
0.845394	0.618485	0
0.290347	0.867497	0
0.869688	0.656119	0
0.867156	0.34047	0
0.699193	0.838458	0
0.129584	0.856279	0
0.146767	0.87836	0
0.869144	0.705624	0
0.377703	0.840766	0
0.123679	0.450744	0
0.126779	0.40499	0
0.155784	0.151548	0
0.152625	0.175857	0
0.179483	0.146367	0
0.694725	0.155424	0
0.127648	0.595014	0
0.14502	0.56979	0
0.160327	0.688831	0
0.850982	0.644423	0
0.145467	0.242794	0
0.146466	0.267076	0
0.237992	0.0998989	0
0.213326	0.0988772	0
0.152846	0.853526	0
0.156002	0.313795	0
0.153063	0.288757	0
0.84582	0.158854	0
0.823443	0.14846	0
0.774751	0.156088	0
0.750077	0.157267	0
0.850848	0.669592	0
0.84782	0.32667	0
0.725076	0.842041	0
0.746574	0.824578	0
0.751998	0.850401	0
0.773452	0.856025	0
0.774167	0.802892	0
0.351488	0.846497	0
0.850954	0.769621	0
0.849231	0.745404	0
0.144557	0.429889	0
0.348121	0.138426	0
0.867532	0.176201	0
0.265249	0.163965	0
0.324916	0.846741	0
0.718503	0.157982	0
0.801285	0.151567	0
0.201513	0.75144	0
0.179694	0.730097	0
0.794646	0.85034	0
0.52097	0.857124	0
0.821884	0.840915	0
0.846208	0.838464	0
0.852888	0.817592	0
0.800735	0.823514	0
0.244742	0.799957	0
0.220044	0.770545	0
0.735758	0.181023	0
0.822937	0.735594	0
0.802284	0.766846	0
0.785691	0.228065	0
0.811292	0.254097	0
0.242835	0.175814	0
0.244658	0.145425	0
0.150019	0.198403	0
0.14818	0.222115	0
0.167104	0.233965	0
0.172423	0.190741	0
0.204742	0.12045	0
0.179885	0.855368	0
0.20379	0.854878	0
0.850076	0.796242	0
0.158676	0.715354	0
0.162701	0.833287	0
0.20309	0.140907	0
0.198636	0.162735	0
0.837848	0.299296	0
0.24631	0.124968	0
0.837	0.242267	0
0.838399	0.214839	0
0.271097	0.837503	0
0.295369	0.836637	0
0.84285	0.695815	0
0.842439	0.720152	0
0.828851	0.787468	0
0.835317	0.272644	0
0.250148	0.851384	0
0.255171	0.820524	0
0.223895	0.136818	0
0.194835	0.774165	0
0.793865	0.175786	0
0.790153	0.202014	0
0.762869	0.206359	0
0.155287	0.740317	0
0.212326	0.222659	0
0.236944	0.196088	0
0.170989	0.276326	0
0.816687	0.197492	0
0.226031	0.854516	0
0.216353	0.177549	0
0.192003	0.23039	0
0.19014	0.205555	0
0.149508	0.787015	0
0.152143	0.814657	0
0.223794	0.813837	0
0.211981	0.834767	0
0.179181	0.816499	0
0.84211	0.188611	0
0.15335	0.76561	0
0.801406	0.793468	0
0.201553	0.814199	0
0.190994	0.795569	0
0.192746	0.183009	0
0.172464	0.776465	0
0.18929	0.251069	0
